	[48;2;104;104;104;38;2;0;0;0m    4   [0m[48;2;0;0;0;38;2;0;0;0m    0   [0m[48;2;65;32;0;38;2;0;0;0m   16   [0m[48;2;184;184;184;38;2;0;0;0m    8   [0m[48;2;118;55;0;38;2;0;0;0m   18   [0m[48;2;234;234;234;38;2;0;0;0m   13   [0m[48;2;225;225;225;38;2;0;0;0m   12   [0m[48;2;78;78;78;38;2;0;0;0m    3   [0m[48;2;117;117;117;38;2;0;0;0m    5   [0m[48;2;215;215;215;38;2;0;0;0m   11   [0m[48;2;84;40;0;38;2;0;0;0m   17   [0m[48;2;52;52;52;38;2;0;0;0m    2   [0m[48;2;164;164;164;38;2;0;0;0m    7   [0m[48;2;142;142;142;38;2;0;0;0m    6   [0m[48;2;37;37;37;38;2;0;0;0m    1   [0m[48;2;244;244;244;38;2;0;0;0m   14   [0m[48;2;154;80;0;38;2;0;0;0m   19   [0m[48;2;255;255;255;38;2;0;0;0m   15   [0m[48;2;197;197;197;38;2;0;0;0m    9   [0m[48;2;208;208;208;38;2;0;0;0m   10   [0m
[frame]
	[48;2;104;104;104;38;2;0;0;0m    4   [0m[48;2;0;0;0;38;2;0;0;0m    0   [0m[48;2;78;78;78;38;2;0;0;0m    3   [0m[48;2;184;184;184;38;2;0;0;0m    8   [0m[48;2;118;55;0;38;2;0;0;0m   18   [0m[48;2;234;234;234;38;2;0;0;0m   13   [0m[48;2;225;225;225;38;2;0;0;0m   12   [0m[48;2;65;32;0;38;2;0;0;0m   16   [0m[48;2;117;117;117;38;2;0;0;0m    5   [0m[48;2;215;215;215;38;2;0;0;0m   11   [0m[48;2;84;40;0;38;2;0;0;0m   17   [0m[48;2;52;52;52;38;2;0;0;0m    2   [0m[48;2;164;164;164;38;2;0;0;0m    7   [0m[48;2;142;142;142;38;2;0;0;0m    6   [0m[48;2;37;37;37;38;2;0;0;0m    1   [0m[48;2;244;244;244;38;2;0;0;0m   14   [0m[48;2;154;80;0;38;2;0;0;0m   19   [0m[48;2;255;255;255;38;2;0;0;0m   15   [0m[48;2;197;197;197;38;2;0;0;0m    9   [0m[48;2;208;208;208;38;2;0;0;0m   10   [0m
[frame]
	[48;2;104;104;104;38;2;0;0;0m    4   [0m[48;2;0;0;0;38;2;0;0;0m    0   [0m[48;2;78;78;78;38;2;0;0;0m    3   [0m[48;2;52;52;52;38;2;0;0;0m    2   [0m[48;2;118;55;0;38;2;0;0;0m   18   [0m[48;2;234;234;234;38;2;0;0;0m   13   [0m[48;2;225;225;225;38;2;0;0;0m   12   [0m[48;2;65;32;0;38;2;0;0;0m   16   [0m[48;2;117;117;117;38;2;0;0;0m    5   [0m[48;2;215;215;215;38;2;0;0;0m   11   [0m[48;2;84;40;0;38;2;0;0;0m   17   [0m[48;2;184;184;184;38;2;0;0;0m    8   [0m[48;2;164;164;164;38;2;0;0;0m    7   [0m[48;2;142;142;142;38;2;0;0;0m    6   [0m[48;2;37;37;37;38;2;0;0;0m    1   [0m[48;2;244;244;244;38;2;0;0;0m   14   [0m[48;2;154;80;0;38;2;0;0;0m   19   [0m[48;2;255;255;255;38;2;0;0;0m   15   [0m[48;2;197;197;197;38;2;0;0;0m    9   [0m[48;2;208;208;208;38;2;0;0;0m   10   [0m
[frame]
	[48;2;104;104;104;38;2;0;0;0m    4   [0m[48;2;0;0;0;38;2;0;0;0m    0   [0m[48;2;78;78;78;38;2;0;0;0m    3   [0m[48;2;52;52;52;38;2;0;0;0m    2   [0m[48;2;37;37;37;38;2;0;0;0m    1   [0m[48;2;234;234;234;38;2;0;0;0m   13   [0m[48;2;225;225;225;38;2;0;0;0m   12   [0m[48;2;65;32;0;38;2;0;0;0m   16   [0m[48;2;117;117;117;38;2;0;0;0m    5   [0m[48;2;215;215;215;38;2;0;0;0m   11   [0m[48;2;84;40;0;38;2;0;0;0m   17   [0m[48;2;184;184;184;38;2;0;0;0m    8   [0m[48;2;164;164;164;38;2;0;0;0m    7   [0m[48;2;142;142;142;38;2;0;0;0m    6   [0m[48;2;118;55;0;38;2;0;0;0m   18   [0m[48;2;244;244;244;38;2;0;0;0m   14   [0m[48;2;154;80;0;38;2;0;0;0m   19   [0m[48;2;255;255;255;38;2;0;0;0m   15   [0m[48;2;197;197;197;38;2;0;0;0m    9   [0m[48;2;208;208;208;38;2;0;0;0m   10   [0m
[frame]
	[48;2;37;37;37;38;2;0;0;0m    1   [0m[48;2;0;0;0;38;2;0;0;0m    0   [0m[48;2;78;78;78;38;2;0;0;0m    3   [0m[48;2;52;52;52;38;2;0;0;0m    2   [0m[48;2;104;104;104;38;2;0;0;0m    4   [0m[48;2;234;234;234;38;2;0;0;0m   13   [0m[48;2;225;225;225;38;2;0;0;0m   12   [0m[48;2;65;32;0;38;2;0;0;0m   16   [0m[48;2;117;117;117;38;2;0;0;0m    5   [0m[48;2;215;215;215;38;2;0;0;0m   11   [0m[48;2;84;40;0;38;2;0;0;0m   17   [0m[48;2;184;184;184;38;2;0;0;0m    8   [0m[48;2;164;164;164;38;2;0;0;0m    7   [0m[48;2;142;142;142;38;2;0;0;0m    6   [0m[48;2;118;55;0;38;2;0;0;0m   18   [0m[48;2;244;244;244;38;2;0;0;0m   14   [0m[48;2;154;80;0;38;2;0;0;0m   19   [0m[48;2;255;255;255;38;2;0;0;0m   15   [0m[48;2;197;197;197;38;2;0;0;0m    9   [0m[48;2;208;208;208;38;2;0;0;0m   10   [0m
[frame]
	[48;2;0;0;0;38;2;0;0;0m    0   [0m[48;2;37;37;37;38;2;0;0;0m    1   [0m[48;2;78;78;78;38;2;0;0;0m    3   [0m[48;2;52;52;52;38;2;0;0;0m    2   [0m[48;2;104;104;104;38;2;0;0;0m    4   [0m[48;2;234;234;234;38;2;0;0;0m   13   [0m[48;2;225;225;225;38;2;0;0;0m   12   [0m[48;2;65;32;0;38;2;0;0;0m   16   [0m[48;2;117;117;117;38;2;0;0;0m    5   [0m[48;2;215;215;215;38;2;0;0;0m   11   [0m[48;2;84;40;0;38;2;0;0;0m   17   [0m[48;2;184;184;184;38;2;0;0;0m    8   [0m[48;2;164;164;164;38;2;0;0;0m    7   [0m[48;2;142;142;142;38;2;0;0;0m    6   [0m[48;2;118;55;0;38;2;0;0;0m   18   [0m[48;2;244;244;244;38;2;0;0;0m   14   [0m[48;2;154;80;0;38;2;0;0;0m   19   [0m[48;2;255;255;255;38;2;0;0;0m   15   [0m[48;2;197;197;197;38;2;0;0;0m    9   [0m[48;2;208;208;208;38;2;0;0;0m   10   [0m
[frame]
	[48;2;0;0;0;38;2;0;0;0m    0   [0m[48;2;37;37;37;38;2;0;0;0m    1   [0m[48;2;52;52;52;38;2;0;0;0m    2   [0m[48;2;78;78;78;38;2;0;0;0m    3   [0m[48;2;104;104;104;38;2;0;0;0m    4   [0m[48;2;234;234;234;38;2;0;0;0m   13   [0m[48;2;225;225;225;38;2;0;0;0m   12   [0m[48;2;65;32;0;38;2;0;0;0m   16   [0m[48;2;117;117;117;38;2;0;0;0m    5   [0m[48;2;215;215;215;38;2;0;0;0m   11   [0m[48;2;84;40;0;38;2;0;0;0m   17   [0m[48;2;184;184;184;38;2;0;0;0m    8   [0m[48;2;164;164;164;38;2;0;0;0m    7   [0m[48;2;142;142;142;38;2;0;0;0m    6   [0m[48;2;118;55;0;38;2;0;0;0m   18   [0m[48;2;244;244;244;38;2;0;0;0m   14   [0m[48;2;154;80;0;38;2;0;0;0m   19   [0m[48;2;255;255;255;38;2;0;0;0m   15   [0m[48;2;197;197;197;38;2;0;0;0m    9   [0m[48;2;208;208;208;38;2;0;0;0m   10   [0m
[frame]
	[48;2;0;0;0;38;2;0;0;0m    0   [0m[48;2;37;37;37;38;2;0;0;0m    1   [0m[48;2;52;52;52;38;2;0;0;0m    2   [0m[48;2;78;78;78;38;2;0;0;0m    3   [0m[48;2;104;104;104;38;2;0;0;0m    4   [0m[48;2;234;234;234;38;2;0;0;0m   13   [0m[48;2;225;225;225;38;2;0;0;0m   12   [0m[48;2;117;117;117;38;2;0;0;0m    5   [0m[48;2;65;32;0;38;2;0;0;0m   16   [0m[48;2;215;215;215;38;2;0;0;0m   11   [0m[48;2;84;40;0;38;2;0;0;0m   17   [0m[48;2;184;184;184;38;2;0;0;0m    8   [0m[48;2;164;164;164;38;2;0;0;0m    7   [0m[48;2;142;142;142;38;2;0;0;0m    6   [0m[48;2;118;55;0;38;2;0;0;0m   18   [0m[48;2;244;244;244;38;2;0;0;0m   14   [0m[48;2;154;80;0;38;2;0;0;0m   19   [0m[48;2;255;255;255;38;2;0;0;0m   15   [0m[48;2;197;197;197;38;2;0;0;0m    9   [0m[48;2;208;208;208;38;2;0;0;0m   10   [0m
[frame]
	[48;2;0;0;0;38;2;0;0;0m    0   [0m[48;2;37;37;37;38;2;0;0;0m    1   [0m[48;2;52;52;52;38;2;0;0;0m    2   [0m[48;2;78;78;78;38;2;0;0;0m    3   [0m[48;2;104;104;104;38;2;0;0;0m    4   [0m[48;2;234;234;234;38;2;0;0;0m   13   [0m[48;2;225;225;225;38;2;0;0;0m   12   [0m[48;2;117;117;117;38;2;0;0;0m    5   [0m[48;2;215;215;215;38;2;0;0;0m   11   [0m[48;2;65;32;0;38;2;0;0;0m   16   [0m[48;2;84;40;0;38;2;0;0;0m   17   [0m[48;2;184;184;184;38;2;0;0;0m    8   [0m[48;2;164;164;164;38;2;0;0;0m    7   [0m[48;2;142;142;142;38;2;0;0;0m    6   [0m[48;2;118;55;0;38;2;0;0;0m   18   [0m[48;2;244;244;244;38;2;0;0;0m   14   [0m[48;2;154;80;0;38;2;0;0;0m   19   [0m[48;2;255;255;255;38;2;0;0;0m   15   [0m[48;2;197;197;197;38;2;0;0;0m    9   [0m[48;2;208;208;208;38;2;0;0;0m   10   [0m
[frame]
	[48;2;0;0;0;38;2;0;0;0m    0   [0m[48;2;37;37;37;38;2;0;0;0m    1   [0m[48;2;52;52;52;38;2;0;0;0m    2   [0m[48;2;78;78;78;38;2;0;0;0m    3   [0m[48;2;104;104;104;38;2;0;0;0m    4   [0m[48;2;234;234;234;38;2;0;0;0m   13   [0m[48;2;225;225;225;38;2;0;0;0m   12   [0m[48;2;117;117;117;38;2;0;0;0m    5   [0m[48;2;215;215;215;38;2;0;0;0m   11   [0m[48;2;184;184;184;38;2;0;0;0m    8   [0m[48;2;84;40;0;38;2;0;0;0m   17   [0m[48;2;65;32;0;38;2;0;0;0m   16   [0m[48;2;164;164;164;38;2;0;0;0m    7   [0m[48;2;142;142;142;38;2;0;0;0m    6   [0m[48;2;118;55;0;38;2;0;0;0m   18   [0m[48;2;244;244;244;38;2;0;0;0m   14   [0m[48;2;154;80;0;38;2;0;0;0m   19   [0m[48;2;255;255;255;38;2;0;0;0m   15   [0m[48;2;197;197;197;38;2;0;0;0m    9   [0m[48;2;208;208;208;38;2;0;0;0m   10   [0m
[frame]
	[48;2;0;0;0;38;2;0;0;0m    0   [0m[48;2;37;37;37;38;2;0;0;0m    1   [0m[48;2;52;52;52;38;2;0;0;0m    2   [0m[48;2;78;78;78;38;2;0;0;0m    3   [0m[48;2;104;104;104;38;2;0;0;0m    4   [0m[48;2;234;234;234;38;2;0;0;0m   13   [0m[48;2;225;225;225;38;2;0;0;0m   12   [0m[48;2;117;117;117;38;2;0;0;0m    5   [0m[48;2;215;215;215;38;2;0;0;0m   11   [0m[48;2;184;184;184;38;2;0;0;0m    8   [0m[48;2;164;164;164;38;2;0;0;0m    7   [0m[48;2;65;32;0;38;2;0;0;0m   16   [0m[48;2;84;40;0;38;2;0;0;0m   17   [0m[48;2;142;142;142;38;2;0;0;0m    6   [0m[48;2;118;55;0;38;2;0;0;0m   18   [0m[48;2;244;244;244;38;2;0;0;0m   14   [0m[48;2;154;80;0;38;2;0;0;0m   19   [0m[48;2;255;255;255;38;2;0;0;0m   15   [0m[48;2;197;197;197;38;2;0;0;0m    9   [0m[48;2;208;208;208;38;2;0;0;0m   10   [0m
[frame]
	[48;2;0;0;0;38;2;0;0;0m    0   [0m[48;2;37;37;37;38;2;0;0;0m    1   [0m[48;2;52;52;52;38;2;0;0;0m    2   [0m[48;2;78;78;78;38;2;0;0;0m    3   [0m[48;2;104;104;104;38;2;0;0;0m    4   [0m[48;2;234;234;234;38;2;0;0;0m   13   [0m[48;2;225;225;225;38;2;0;0;0m   12   [0m[48;2;117;117;117;38;2;0;0;0m    5   [0m[48;2;215;215;215;38;2;0;0;0m   11   [0m[48;2;184;184;184;38;2;0;0;0m    8   [0m[48;2;164;164;164;38;2;0;0;0m    7   [0m[48;2;142;142;142;38;2;0;0;0m    6   [0m[48;2;84;40;0;38;2;0;0;0m   17   [0m[48;2;65;32;0;38;2;0;0;0m   16   [0m[48;2;118;55;0;38;2;0;0;0m   18   [0m[48;2;244;244;244;38;2;0;0;0m   14   [0m[48;2;154;80;0;38;2;0;0;0m   19   [0m[48;2;255;255;255;38;2;0;0;0m   15   [0m[48;2;197;197;197;38;2;0;0;0m    9   [0m[48;2;208;208;208;38;2;0;0;0m   10   [0m
[frame]
	[48;2;0;0;0;38;2;0;0;0m    0   [0m[48;2;37;37;37;38;2;0;0;0m    1   [0m[48;2;52;52;52;38;2;0;0;0m    2   [0m[48;2;78;78;78;38;2;0;0;0m    3   [0m[48;2;104;104;104;38;2;0;0;0m    4   [0m[48;2;234;234;234;38;2;0;0;0m   13   [0m[48;2;225;225;225;38;2;0;0;0m   12   [0m[48;2;117;117;117;38;2;0;0;0m    5   [0m[48;2;215;215;215;38;2;0;0;0m   11   [0m[48;2;184;184;184;38;2;0;0;0m    8   [0m[48;2;164;164;164;38;2;0;0;0m    7   [0m[48;2;142;142;142;38;2;0;0;0m    6   [0m[48;2;197;197;197;38;2;0;0;0m    9   [0m[48;2;65;32;0;38;2;0;0;0m   16   [0m[48;2;118;55;0;38;2;0;0;0m   18   [0m[48;2;244;244;244;38;2;0;0;0m   14   [0m[48;2;154;80;0;38;2;0;0;0m   19   [0m[48;2;255;255;255;38;2;0;0;0m   15   [0m[48;2;84;40;0;38;2;0;0;0m   17   [0m[48;2;208;208;208;38;2;0;0;0m   10   [0m
[frame]
	[48;2;0;0;0;38;2;0;0;0m    0   [0m[48;2;37;37;37;38;2;0;0;0m    1   [0m[48;2;52;52;52;38;2;0;0;0m    2   [0m[48;2;78;78;78;38;2;0;0;0m    3   [0m[48;2;104;104;104;38;2;0;0;0m    4   [0m[48;2;234;234;234;38;2;0;0;0m   13   [0m[48;2;225;225;225;38;2;0;0;0m   12   [0m[48;2;117;117;117;38;2;0;0;0m    5   [0m[48;2;215;215;215;38;2;0;0;0m   11   [0m[48;2;184;184;184;38;2;0;0;0m    8   [0m[48;2;164;164;164;38;2;0;0;0m    7   [0m[48;2;142;142;142;38;2;0;0;0m    6   [0m[48;2;197;197;197;38;2;0;0;0m    9   [0m[48;2;208;208;208;38;2;0;0;0m   10   [0m[48;2;118;55;0;38;2;0;0;0m   18   [0m[48;2;244;244;244;38;2;0;0;0m   14   [0m[48;2;154;80;0;38;2;0;0;0m   19   [0m[48;2;255;255;255;38;2;0;0;0m   15   [0m[48;2;84;40;0;38;2;0;0;0m   17   [0m[48;2;65;32;0;38;2;0;0;0m   16   [0m
[frame]
	[48;2;0;0;0;38;2;0;0;0m    0   [0m[48;2;37;37;37;38;2;0;0;0m    1   [0m[48;2;52;52;52;38;2;0;0;0m    2   [0m[48;2;78;78;78;38;2;0;0;0m    3   [0m[48;2;104;104;104;38;2;0;0;0m    4   [0m[48;2;208;208;208;38;2;0;0;0m   10   [0m[48;2;225;225;225;38;2;0;0;0m   12   [0m[48;2;117;117;117;38;2;0;0;0m    5   [0m[48;2;215;215;215;38;2;0;0;0m   11   [0m[48;2;184;184;184;38;2;0;0;0m    8   [0m[48;2;164;164;164;38;2;0;0;0m    7   [0m[48;2;142;142;142;38;2;0;0;0m    6   [0m[48;2;197;197;197;38;2;0;0;0m    9   [0m[48;2;234;234;234;38;2;0;0;0m   13   [0m[48;2;118;55;0;38;2;0;0;0m   18   [0m[48;2;244;244;244;38;2;0;0;0m   14   [0m[48;2;154;80;0;38;2;0;0;0m   19   [0m[48;2;255;255;255;38;2;0;0;0m   15   [0m[48;2;84;40;0;38;2;0;0;0m   17   [0m[48;2;65;32;0;38;2;0;0;0m   16   [0m
[frame]
	[48;2;0;0;0;38;2;0;0;0m    0   [0m[48;2;37;37;37;38;2;0;0;0m    1   [0m[48;2;52;52;52;38;2;0;0;0m    2   [0m[48;2;78;78;78;38;2;0;0;0m    3   [0m[48;2;104;104;104;38;2;0;0;0m    4   [0m[48;2;208;208;208;38;2;0;0;0m   10   [0m[48;2;117;117;117;38;2;0;0;0m    5   [0m[48;2;225;225;225;38;2;0;0;0m   12   [0m[48;2;215;215;215;38;2;0;0;0m   11   [0m[48;2;184;184;184;38;2;0;0;0m    8   [0m[48;2;164;164;164;38;2;0;0;0m    7   [0m[48;2;142;142;142;38;2;0;0;0m    6   [0m[48;2;197;197;197;38;2;0;0;0m    9   [0m[48;2;234;234;234;38;2;0;0;0m   13   [0m[48;2;118;55;0;38;2;0;0;0m   18   [0m[48;2;244;244;244;38;2;0;0;0m   14   [0m[48;2;154;80;0;38;2;0;0;0m   19   [0m[48;2;255;255;255;38;2;0;0;0m   15   [0m[48;2;84;40;0;38;2;0;0;0m   17   [0m[48;2;65;32;0;38;2;0;0;0m   16   [0m
[frame]
	[48;2;0;0;0;38;2;0;0;0m    0   [0m[48;2;37;37;37;38;2;0;0;0m    1   [0m[48;2;52;52;52;38;2;0;0;0m    2   [0m[48;2;78;78;78;38;2;0;0;0m    3   [0m[48;2;104;104;104;38;2;0;0;0m    4   [0m[48;2;208;208;208;38;2;0;0;0m   10   [0m[48;2;117;117;117;38;2;0;0;0m    5   [0m[48;2;184;184;184;38;2;0;0;0m    8   [0m[48;2;215;215;215;38;2;0;0;0m   11   [0m[48;2;225;225;225;38;2;0;0;0m   12   [0m[48;2;164;164;164;38;2;0;0;0m    7   [0m[48;2;142;142;142;38;2;0;0;0m    6   [0m[48;2;197;197;197;38;2;0;0;0m    9   [0m[48;2;234;234;234;38;2;0;0;0m   13   [0m[48;2;118;55;0;38;2;0;0;0m   18   [0m[48;2;244;244;244;38;2;0;0;0m   14   [0m[48;2;154;80;0;38;2;0;0;0m   19   [0m[48;2;255;255;255;38;2;0;0;0m   15   [0m[48;2;84;40;0;38;2;0;0;0m   17   [0m[48;2;65;32;0;38;2;0;0;0m   16   [0m
[frame]
	[48;2;0;0;0;38;2;0;0;0m    0   [0m[48;2;37;37;37;38;2;0;0;0m    1   [0m[48;2;52;52;52;38;2;0;0;0m    2   [0m[48;2;78;78;78;38;2;0;0;0m    3   [0m[48;2;104;104;104;38;2;0;0;0m    4   [0m[48;2;208;208;208;38;2;0;0;0m   10   [0m[48;2;117;117;117;38;2;0;0;0m    5   [0m[48;2;184;184;184;38;2;0;0;0m    8   [0m[48;2;164;164;164;38;2;0;0;0m    7   [0m[48;2;225;225;225;38;2;0;0;0m   12   [0m[48;2;215;215;215;38;2;0;0;0m   11   [0m[48;2;142;142;142;38;2;0;0;0m    6   [0m[48;2;197;197;197;38;2;0;0;0m    9   [0m[48;2;234;234;234;38;2;0;0;0m   13   [0m[48;2;118;55;0;38;2;0;0;0m   18   [0m[48;2;244;244;244;38;2;0;0;0m   14   [0m[48;2;154;80;0;38;2;0;0;0m   19   [0m[48;2;255;255;255;38;2;0;0;0m   15   [0m[48;2;84;40;0;38;2;0;0;0m   17   [0m[48;2;65;32;0;38;2;0;0;0m   16   [0m
[frame]
	[48;2;0;0;0;38;2;0;0;0m    0   [0m[48;2;37;37;37;38;2;0;0;0m    1   [0m[48;2;52;52;52;38;2;0;0;0m    2   [0m[48;2;78;78;78;38;2;0;0;0m    3   [0m[48;2;104;104;104;38;2;0;0;0m    4   [0m[48;2;208;208;208;38;2;0;0;0m   10   [0m[48;2;117;117;117;38;2;0;0;0m    5   [0m[48;2;184;184;184;38;2;0;0;0m    8   [0m[48;2;164;164;164;38;2;0;0;0m    7   [0m[48;2;142;142;142;38;2;0;0;0m    6   [0m[48;2;215;215;215;38;2;0;0;0m   11   [0m[48;2;225;225;225;38;2;0;0;0m   12   [0m[48;2;197;197;197;38;2;0;0;0m    9   [0m[48;2;234;234;234;38;2;0;0;0m   13   [0m[48;2;118;55;0;38;2;0;0;0m   18   [0m[48;2;244;244;244;38;2;0;0;0m   14   [0m[48;2;154;80;0;38;2;0;0;0m   19   [0m[48;2;255;255;255;38;2;0;0;0m   15   [0m[48;2;84;40;0;38;2;0;0;0m   17   [0m[48;2;65;32;0;38;2;0;0;0m   16   [0m
[frame]
	[48;2;0;0;0;38;2;0;0;0m    0   [0m[48;2;37;37;37;38;2;0;0;0m    1   [0m[48;2;52;52;52;38;2;0;0;0m    2   [0m[48;2;78;78;78;38;2;0;0;0m    3   [0m[48;2;104;104;104;38;2;0;0;0m    4   [0m[48;2;208;208;208;38;2;0;0;0m   10   [0m[48;2;117;117;117;38;2;0;0;0m    5   [0m[48;2;184;184;184;38;2;0;0;0m    8   [0m[48;2;164;164;164;38;2;0;0;0m    7   [0m[48;2;142;142;142;38;2;0;0;0m    6   [0m[48;2;197;197;197;38;2;0;0;0m    9   [0m[48;2;225;225;225;38;2;0;0;0m   12   [0m[48;2;215;215;215;38;2;0;0;0m   11   [0m[48;2;234;234;234;38;2;0;0;0m   13   [0m[48;2;118;55;0;38;2;0;0;0m   18   [0m[48;2;244;244;244;38;2;0;0;0m   14   [0m[48;2;154;80;0;38;2;0;0;0m   19   [0m[48;2;255;255;255;38;2;0;0;0m   15   [0m[48;2;84;40;0;38;2;0;0;0m   17   [0m[48;2;65;32;0;38;2;0;0;0m   16   [0m
[frame]
	[48;2;0;0;0;38;2;0;0;0m    0   [0m[48;2;37;37;37;38;2;0;0;0m    1   [0m[48;2;52;52;52;38;2;0;0;0m    2   [0m[48;2;78;78;78;38;2;0;0;0m    3   [0m[48;2;104;104;104;38;2;0;0;0m    4   [0m[48;2;197;197;197;38;2;0;0;0m    9   [0m[48;2;117;117;117;38;2;0;0;0m    5   [0m[48;2;184;184;184;38;2;0;0;0m    8   [0m[48;2;164;164;164;38;2;0;0;0m    7   [0m[48;2;142;142;142;38;2;0;0;0m    6   [0m[48;2;208;208;208;38;2;0;0;0m   10   [0m[48;2;225;225;225;38;2;0;0;0m   12   [0m[48;2;215;215;215;38;2;0;0;0m   11   [0m[48;2;234;234;234;38;2;0;0;0m   13   [0m[48;2;118;55;0;38;2;0;0;0m   18   [0m[48;2;244;244;244;38;2;0;0;0m   14   [0m[48;2;154;80;0;38;2;0;0;0m   19   [0m[48;2;255;255;255;38;2;0;0;0m   15   [0m[48;2;84;40;0;38;2;0;0;0m   17   [0m[48;2;65;32;0;38;2;0;0;0m   16   [0m
[frame]
	[48;2;0;0;0;38;2;0;0;0m    0   [0m[48;2;37;37;37;38;2;0;0;0m    1   [0m[48;2;52;52;52;38;2;0;0;0m    2   [0m[48;2;78;78;78;38;2;0;0;0m    3   [0m[48;2;104;104;104;38;2;0;0;0m    4   [0m[48;2;142;142;142;38;2;0;0;0m    6   [0m[48;2;117;117;117;38;2;0;0;0m    5   [0m[48;2;184;184;184;38;2;0;0;0m    8   [0m[48;2;164;164;164;38;2;0;0;0m    7   [0m[48;2;197;197;197;38;2;0;0;0m    9   [0m[48;2;208;208;208;38;2;0;0;0m   10   [0m[48;2;225;225;225;38;2;0;0;0m   12   [0m[48;2;215;215;215;38;2;0;0;0m   11   [0m[48;2;234;234;234;38;2;0;0;0m   13   [0m[48;2;118;55;0;38;2;0;0;0m   18   [0m[48;2;244;244;244;38;2;0;0;0m   14   [0m[48;2;154;80;0;38;2;0;0;0m   19   [0m[48;2;255;255;255;38;2;0;0;0m   15   [0m[48;2;84;40;0;38;2;0;0;0m   17   [0m[48;2;65;32;0;38;2;0;0;0m   16   [0m
[frame]
	[48;2;0;0;0;38;2;0;0;0m    0   [0m[48;2;37;37;37;38;2;0;0;0m    1   [0m[48;2;52;52;52;38;2;0;0;0m    2   [0m[48;2;78;78;78;38;2;0;0;0m    3   [0m[48;2;104;104;104;38;2;0;0;0m    4   [0m[48;2;117;117;117;38;2;0;0;0m    5   [0m[48;2;142;142;142;38;2;0;0;0m    6   [0m[48;2;184;184;184;38;2;0;0;0m    8   [0m[48;2;164;164;164;38;2;0;0;0m    7   [0m[48;2;197;197;197;38;2;0;0;0m    9   [0m[48;2;208;208;208;38;2;0;0;0m   10   [0m[48;2;225;225;225;38;2;0;0;0m   12   [0m[48;2;215;215;215;38;2;0;0;0m   11   [0m[48;2;234;234;234;38;2;0;0;0m   13   [0m[48;2;118;55;0;38;2;0;0;0m   18   [0m[48;2;244;244;244;38;2;0;0;0m   14   [0m[48;2;154;80;0;38;2;0;0;0m   19   [0m[48;2;255;255;255;38;2;0;0;0m   15   [0m[48;2;84;40;0;38;2;0;0;0m   17   [0m[48;2;65;32;0;38;2;0;0;0m   16   [0m
[frame]
	[48;2;0;0;0;38;2;0;0;0m    0   [0m[48;2;37;37;37;38;2;0;0;0m    1   [0m[48;2;52;52;52;38;2;0;0;0m    2   [0m[48;2;78;78;78;38;2;0;0;0m    3   [0m[48;2;104;104;104;38;2;0;0;0m    4   [0m[48;2;117;117;117;38;2;0;0;0m    5   [0m[48;2;142;142;142;38;2;0;0;0m    6   [0m[48;2;164;164;164;38;2;0;0;0m    7   [0m[48;2;184;184;184;38;2;0;0;0m    8   [0m[48;2;197;197;197;38;2;0;0;0m    9   [0m[48;2;208;208;208;38;2;0;0;0m   10   [0m[48;2;225;225;225;38;2;0;0;0m   12   [0m[48;2;215;215;215;38;2;0;0;0m   11   [0m[48;2;234;234;234;38;2;0;0;0m   13   [0m[48;2;118;55;0;38;2;0;0;0m   18   [0m[48;2;244;244;244;38;2;0;0;0m   14   [0m[48;2;154;80;0;38;2;0;0;0m   19   [0m[48;2;255;255;255;38;2;0;0;0m   15   [0m[48;2;84;40;0;38;2;0;0;0m   17   [0m[48;2;65;32;0;38;2;0;0;0m   16   [0m
[frame]
	[48;2;0;0;0;38;2;0;0;0m    0   [0m[48;2;37;37;37;38;2;0;0;0m    1   [0m[48;2;52;52;52;38;2;0;0;0m    2   [0m[48;2;78;78;78;38;2;0;0;0m    3   [0m[48;2;104;104;104;38;2;0;0;0m    4   [0m[48;2;117;117;117;38;2;0;0;0m    5   [0m[48;2;142;142;142;38;2;0;0;0m    6   [0m[48;2;164;164;164;38;2;0;0;0m    7   [0m[48;2;184;184;184;38;2;0;0;0m    8   [0m[48;2;197;197;197;38;2;0;0;0m    9   [0m[48;2;208;208;208;38;2;0;0;0m   10   [0m[48;2;215;215;215;38;2;0;0;0m   11   [0m[48;2;225;225;225;38;2;0;0;0m   12   [0m[48;2;234;234;234;38;2;0;0;0m   13   [0m[48;2;118;55;0;38;2;0;0;0m   18   [0m[48;2;244;244;244;38;2;0;0;0m   14   [0m[48;2;154;80;0;38;2;0;0;0m   19   [0m[48;2;255;255;255;38;2;0;0;0m   15   [0m[48;2;84;40;0;38;2;0;0;0m   17   [0m[48;2;65;32;0;38;2;0;0;0m   16   [0m
[frame]
	[48;2;0;0;0;38;2;0;0;0m    0   [0m[48;2;37;37;37;38;2;0;0;0m    1   [0m[48;2;52;52;52;38;2;0;0;0m    2   [0m[48;2;78;78;78;38;2;0;0;0m    3   [0m[48;2;104;104;104;38;2;0;0;0m    4   [0m[48;2;117;117;117;38;2;0;0;0m    5   [0m[48;2;142;142;142;38;2;0;0;0m    6   [0m[48;2;164;164;164;38;2;0;0;0m    7   [0m[48;2;184;184;184;38;2;0;0;0m    8   [0m[48;2;197;197;197;38;2;0;0;0m    9   [0m[48;2;208;208;208;38;2;0;0;0m   10   [0m[48;2;215;215;215;38;2;0;0;0m   11   [0m[48;2;225;225;225;38;2;0;0;0m   12   [0m[48;2;234;234;234;38;2;0;0;0m   13   [0m[48;2;118;55;0;38;2;0;0;0m   18   [0m[48;2;244;244;244;38;2;0;0;0m   14   [0m[48;2;255;255;255;38;2;0;0;0m   15   [0m[48;2;154;80;0;38;2;0;0;0m   19   [0m[48;2;84;40;0;38;2;0;0;0m   17   [0m[48;2;65;32;0;38;2;0;0;0m   16   [0m
[frame]
	[48;2;0;0;0;38;2;0;0;0m    0   [0m[48;2;37;37;37;38;2;0;0;0m    1   [0m[48;2;52;52;52;38;2;0;0;0m    2   [0m[48;2;78;78;78;38;2;0;0;0m    3   [0m[48;2;104;104;104;38;2;0;0;0m    4   [0m[48;2;117;117;117;38;2;0;0;0m    5   [0m[48;2;142;142;142;38;2;0;0;0m    6   [0m[48;2;164;164;164;38;2;0;0;0m    7   [0m[48;2;184;184;184;38;2;0;0;0m    8   [0m[48;2;197;197;197;38;2;0;0;0m    9   [0m[48;2;208;208;208;38;2;0;0;0m   10   [0m[48;2;215;215;215;38;2;0;0;0m   11   [0m[48;2;225;225;225;38;2;0;0;0m   12   [0m[48;2;234;234;234;38;2;0;0;0m   13   [0m[48;2;118;55;0;38;2;0;0;0m   18   [0m[48;2;244;244;244;38;2;0;0;0m   14   [0m[48;2;255;255;255;38;2;0;0;0m   15   [0m[48;2;84;40;0;38;2;0;0;0m   17   [0m[48;2;154;80;0;38;2;0;0;0m   19   [0m[48;2;65;32;0;38;2;0;0;0m   16   [0m
[frame]
	[48;2;0;0;0;38;2;0;0;0m    0   [0m[48;2;37;37;37;38;2;0;0;0m    1   [0m[48;2;52;52;52;38;2;0;0;0m    2   [0m[48;2;78;78;78;38;2;0;0;0m    3   [0m[48;2;104;104;104;38;2;0;0;0m    4   [0m[48;2;117;117;117;38;2;0;0;0m    5   [0m[48;2;142;142;142;38;2;0;0;0m    6   [0m[48;2;164;164;164;38;2;0;0;0m    7   [0m[48;2;184;184;184;38;2;0;0;0m    8   [0m[48;2;197;197;197;38;2;0;0;0m    9   [0m[48;2;208;208;208;38;2;0;0;0m   10   [0m[48;2;215;215;215;38;2;0;0;0m   11   [0m[48;2;225;225;225;38;2;0;0;0m   12   [0m[48;2;234;234;234;38;2;0;0;0m   13   [0m[48;2;118;55;0;38;2;0;0;0m   18   [0m[48;2;244;244;244;38;2;0;0;0m   14   [0m[48;2;255;255;255;38;2;0;0;0m   15   [0m[48;2;84;40;0;38;2;0;0;0m   17   [0m[48;2;65;32;0;38;2;0;0;0m   16   [0m[48;2;154;80;0;38;2;0;0;0m   19   [0m
[frame]
	[48;2;0;0;0;38;2;0;0;0m    0   [0m[48;2;37;37;37;38;2;0;0;0m    1   [0m[48;2;52;52;52;38;2;0;0;0m    2   [0m[48;2;78;78;78;38;2;0;0;0m    3   [0m[48;2;104;104;104;38;2;0;0;0m    4   [0m[48;2;117;117;117;38;2;0;0;0m    5   [0m[48;2;142;142;142;38;2;0;0;0m    6   [0m[48;2;164;164;164;38;2;0;0;0m    7   [0m[48;2;184;184;184;38;2;0;0;0m    8   [0m[48;2;197;197;197;38;2;0;0;0m    9   [0m[48;2;208;208;208;38;2;0;0;0m   10   [0m[48;2;215;215;215;38;2;0;0;0m   11   [0m[48;2;225;225;225;38;2;0;0;0m   12   [0m[48;2;234;234;234;38;2;0;0;0m   13   [0m[48;2;65;32;0;38;2;0;0;0m   16   [0m[48;2;244;244;244;38;2;0;0;0m   14   [0m[48;2;255;255;255;38;2;0;0;0m   15   [0m[48;2;84;40;0;38;2;0;0;0m   17   [0m[48;2;118;55;0;38;2;0;0;0m   18   [0m[48;2;154;80;0;38;2;0;0;0m   19   [0m
[frame]
	[48;2;0;0;0;38;2;0;0;0m    0   [0m[48;2;37;37;37;38;2;0;0;0m    1   [0m[48;2;52;52;52;38;2;0;0;0m    2   [0m[48;2;78;78;78;38;2;0;0;0m    3   [0m[48;2;104;104;104;38;2;0;0;0m    4   [0m[48;2;117;117;117;38;2;0;0;0m    5   [0m[48;2;142;142;142;38;2;0;0;0m    6   [0m[48;2;164;164;164;38;2;0;0;0m    7   [0m[48;2;184;184;184;38;2;0;0;0m    8   [0m[48;2;197;197;197;38;2;0;0;0m    9   [0m[48;2;208;208;208;38;2;0;0;0m   10   [0m[48;2;215;215;215;38;2;0;0;0m   11   [0m[48;2;225;225;225;38;2;0;0;0m   12   [0m[48;2;234;234;234;38;2;0;0;0m   13   [0m[48;2;255;255;255;38;2;0;0;0m   15   [0m[48;2;244;244;244;38;2;0;0;0m   14   [0m[48;2;65;32;0;38;2;0;0;0m   16   [0m[48;2;84;40;0;38;2;0;0;0m   17   [0m[48;2;118;55;0;38;2;0;0;0m   18   [0m[48;2;154;80;0;38;2;0;0;0m   19   [0m
[frame]
	[48;2;0;0;0;38;2;0;0;0m    0   [0m[48;2;37;37;37;38;2;0;0;0m    1   [0m[48;2;52;52;52;38;2;0;0;0m    2   [0m[48;2;78;78;78;38;2;0;0;0m    3   [0m[48;2;104;104;104;38;2;0;0;0m    4   [0m[48;2;117;117;117;38;2;0;0;0m    5   [0m[48;2;142;142;142;38;2;0;0;0m    6   [0m[48;2;164;164;164;38;2;0;0;0m    7   [0m[48;2;184;184;184;38;2;0;0;0m    8   [0m[48;2;197;197;197;38;2;0;0;0m    9   [0m[48;2;208;208;208;38;2;0;0;0m   10   [0m[48;2;215;215;215;38;2;0;0;0m   11   [0m[48;2;225;225;225;38;2;0;0;0m   12   [0m[48;2;234;234;234;38;2;0;0;0m   13   [0m[48;2;244;244;244;38;2;0;0;0m   14   [0m[48;2;255;255;255;38;2;0;0;0m   15   [0m[48;2;65;32;0;38;2;0;0;0m   16   [0m[48;2;84;40;0;38;2;0;0;0m   17   [0m[48;2;118;55;0;38;2;0;0;0m   18   [0m[48;2;154;80;0;38;2;0;0;0m   19   [0m
[frame]
